           0.51413654            0.31400499
           0.51413634            0.31400387
           0.51863545            0.31866365
           0.52889938            0.32923128
           0.54488449            0.34564998
           0.56576142            0.36549099
           0.58550918            0.38443304
           0.60006934            0.40701791
           0.61860264            0.42738697
           0.63833090            0.44806167
           0.65858011            0.46861269
           0.67908963            0.48889079
           0.69965136            0.50868192
           0.72021134            0.52810332
           0.74065294            0.54721100
           0.76089326            0.56603238
           0.78232820            0.58593567
           0.80371893            0.60599237
           0.82503804            0.62619090
           0.84628823            0.64650001
           0.86748063            0.66689598
           0.88862935            0.68735836
           0.90974949            0.70786805
           0.93085330            0.72840948
           0.95194962            0.74897290
           0.97271384            0.76922909
           0.99319162            0.78912746
           1.01335435            0.80858913
           1.03318784            0.82755133
           1.05267403            0.84594950
           1.07179172            0.86371762
           1.09051670            0.88078873
           1.10882181            0.89709691
           1.12667695            0.91257817
           1.14404926            0.92717170
           1.16168073            0.94145648
           1.18025675            0.95598989
           1.19974260            0.97080320
           1.22007310            0.98590818
           1.24118029            1.00131581
           1.26333923            1.01726885
           1.28663347            1.03402709
           1.30984185            1.05095864
           1.33296006            1.06805658
           1.35583318            1.08518055
           1.37823717            1.10209854
           1.39990795            1.11861293
           1.42077519            1.13472474
           1.44073188            1.15042943
           1.46089238            1.16669483
           1.48137079            1.18356652
           1.50217229            1.20099717
           1.52329656            1.21893408
           1.54474327            1.23732518
           1.56651221            1.25611971
           1.58844594            1.27513361
           1.61043179            1.29427141
           1.63237265            1.31347889
           1.65426705            1.33275683
           1.67611517            1.35210466
           1.69791772            1.37152114
           1.71967571            1.39100475
           1.74139039            1.41055388
           1.76306309            1.43016627
           1.78469515            1.44983966
           1.80628793            1.46957188
           1.82784265            1.48936086
           1.84936047            1.50920474
           1.87084243            1.52910177
           1.89228947            1.54905037
           1.91340005            1.56876506
           1.93408420            1.58807505
           1.95456428            1.60707954
           1.97483524            1.62574089
           1.99489889            1.64402974
           2.01475642            1.66191703
           2.03440859            1.67937424
           2.05385584            1.69637359
           2.07309826            1.71288829
           2.09213561            1.72889288
           2.11096737            1.74436364
           2.12959277            1.75927891
           2.14801088            1.77361944
           2.16622077            1.78736875
           2.18422166            1.80051341
           2.20201315            1.81304317
           2.21959544            1.82495120
           2.23975421            1.83805646
           2.25950747            1.85059542
           2.27889002            1.86255876
           2.29788311            1.87391082
           2.31647472            1.88462468
           2.33465260            1.89467840
           2.35240456            1.90405550
           2.36971904            1.91274523
           2.38658573            1.92074271
           2.40299624            1.92804882
           2.41894465            1.93467000
           2.43442801            1.94061778
           2.44946373            1.94591440
           2.46405553            1.95057988
           2.48027930            1.95524612
           2.49945042            1.96022697
           2.52269995            1.96595329
           2.54790974            1.97241680
           2.57292229            1.97947375
           2.59769834            1.98706307
           2.62228596            1.99510839
           2.64671700            2.00354592
           2.67101379            2.01232631
           2.69519307            2.02141204
           2.71926778            2.03077489
           2.74320667            2.04037812
           2.76675987            2.05011107
           2.78992147            2.05999065
           2.81274332            2.07006063
           2.83520310            2.08032456
           2.85670584            2.09051873
           2.87728239            2.10069544
           2.89698631            2.11091391
           2.91588636            2.12123308
           2.93406470            2.13171337
           2.95161703            2.14241981
           2.96865312            2.15342541
           2.98529829            2.16481494
           3.00169692            2.17668996
           3.01802079            2.18917710
           3.03449008            2.20244563
           3.05143989            2.21676214
           3.06803977            2.23126489
           3.08319455            2.24506151
           3.09717350            2.25845162
           3.11017244            2.27163906
           3.12236404            2.28480177
           3.13390328            2.29810516
           3.14493165            2.31171160
           3.15395700            2.32361873
           3.16243206            2.33553109
           3.17054116            2.34751815
           3.17838626            2.35960254
           3.18601888            2.37181378
           3.19343666            2.38415223
           3.20023316            2.39591730
           3.20534011            2.40537643
           3.21243923            2.41891197
           3.21973406            2.43250744
           3.22678998            2.44495117
           3.23384595            2.45672250
           3.24117339            2.46830774
           3.24877298            2.47971926
           3.25663701            2.49095423
           3.26475817            2.50200859
           3.27312996            2.51287804
           3.28174651            2.52355808
           3.29060236            2.53404404
           3.30007991            2.54488991
           3.31377140            2.56110808
           3.32968640            2.58021265
           3.34454520            2.59767001
           3.36045139            2.61557211
           3.37612408            2.63270442
           3.39157110            2.64900370
           3.40678465            2.66444504
           3.42175609            2.67901114
           3.43647666            2.69269211
           3.45093813            2.70548566
           3.46513374            2.71739724
           3.47905892            2.72843984
           3.49271215            2.73863349
           3.50609556            2.74800449
           3.51921544            2.75658444
           3.53208260            2.76440896
           3.54471241            2.77151643
           3.55715205            2.77796384
           3.56943687            2.78386221
           3.58160177            2.78929320
           3.59378680            2.79435050
           3.60631639            2.79916579
           3.61872922            2.80358243
           3.63102114            2.80760199
           3.64319291            2.81122615
           3.65524600            2.81445775
           3.66718217            2.81730050
           3.67900361            2.81975871
           3.69071288            2.82183703
           3.70231304            2.82354032
           3.71380763            2.82487333
           3.72520068            2.82584060
           3.73657286            2.82644396
           3.74797684            2.82669086
           3.76489957            2.82668964
           3.78360001            2.82661789
           3.80428328            2.82668274
           3.82637019            2.82719441
           3.84862158            2.82833577
           3.87104455            2.83010500
           3.89367576            2.83248372
           3.91655047            2.83545810
           3.93975931            2.83903729
           3.96381910            2.84333057
           3.98818209            2.84837439
           4.01246730            2.85410740
           4.03677720            2.86056101
           4.06109697            2.86770829
           4.08540452            2.87552053
           4.10967982            2.88397146
           4.13390532            2.89303695
           4.15806555            2.90269439
           4.18214692            2.91292220
           4.20613750            2.92369949
           4.23002686            2.93500583
           4.25382173            2.94682843
           4.27750354            2.95913878
           4.30105446            2.97191183
           4.32446884            2.98513074
           4.34774292            2.99877961
           4.37087746            3.01284285
           4.39386975            3.02730481
           4.41664520            3.04210173
           4.43918590            3.05718536
           4.46150806            3.07252400
           4.48362638            3.08808874
           4.50555427            3.10385371
           4.52730403            3.11979560
           4.54888709            3.13589329
           4.57007513            3.15194868
           4.59076817            3.16790710
           4.61094001            3.18378423
           4.63058623            3.19958693
           4.64976575            3.21541507
           4.66831782            3.23115157
           4.68621350            3.24680042
           4.70343224            3.26236871
           4.71995707            3.27786275
           4.73577437            3.29328797
           4.75087398            3.30864931
           4.76524936            3.32395157
           4.77889770            3.33919991
           4.79181993            3.35440027
           4.80722357            3.37348747
           4.82199190            3.39230060
           4.83602664            3.41074853
           4.84927794            3.42881559
           4.86171010            3.44649529
           4.87329559            3.46378099
           4.88401545            3.48066588
           4.89385976            3.49714396
           4.90282775            3.51321134
           4.90977220            3.52682834
           4.91580719            3.53958720
           4.92193681            3.55330286
           4.92758035            3.56693695
           4.93282890            3.58070202
           4.93768410            3.59460394
           4.94221372            3.60886263
           4.94787175            3.62820075
           4.95480175            3.65152353
           4.96256180            3.67487521
           4.97110347            3.69797396
           4.98039223            3.72078740
           4.99039915            3.74329732
           5.00109974            3.76548753
           5.01247124            3.78734215
           5.02449018            3.80885173
           5.03714127            3.83000979
           5.05041075            3.85079453
           5.06652720            3.87481587
           5.08298402            3.89923782
           5.09937855            3.92370604
           5.11571919            3.94821372
           5.13202300            3.97275067
           5.14830364            3.99730822
           5.16457041            4.02188019
           5.18083021            4.04646286
           5.19708650            4.07105340
           5.21333880            4.09565255
           5.22958207            4.12026170
           5.24581133            4.14488252
           5.26202454            4.16951475
           5.27821999            4.19416040
           5.29439623            4.21882162
           5.31055216            4.24349929
           5.32637779            4.26771480
           5.34197039            4.29171325
           5.35587251            4.31617765
           5.36957080            4.34033506
           5.38341774            4.36417277
           5.39735330            4.38771681
           5.41121486            4.41104988
           5.42047419            4.42696316
           5.42952898            4.44165650
           5.44212164            4.46101124
           5.45363048            4.47937391
           5.46405015            4.49693281
           5.47048942            4.50852807
           5.47632800            4.51915362
           5.48155192            4.52879326
           5.48668780            4.53839523
           5.49177139            4.54802643
           5.49679870            4.55769072
           5.50176757            4.56738744
           5.50668202            4.57711261
           5.51154209            4.58686056
           5.51634686            4.59663226
           5.52109561            4.60642866
           5.52578788            4.61625254
           5.53042344            4.62610475
           5.53500219            4.63598468
           5.53952406            4.64589172
           5.54398899            4.65582531
           5.54839692            4.66578492
           5.55274782            4.67577004
           5.55704161            4.68578022
           5.56127826            4.69581501
           5.56540960            4.70576509
           5.56916992            4.71512405
           5.57190797            4.72261351
           5.57332471            4.72745770
           5.57445358            4.73298375
           5.57554701            4.74142681
           5.57605236            4.74849715
           5.57606178            4.75319665
           5.57573094            4.75782195
           5.57495629            4.76257798
           5.57333664            4.76927138
           5.57065775            4.77781643
           5.56690867            4.78773424
           5.56402971            4.79409758
           5.56180083            4.79851698
           5.55989443            4.80162456
           5.55638090            4.80545394
           5.55181105            4.81021050
           5.54616017            4.81551830
           5.53907145            4.82135215
           5.53064412            4.82779206
           5.52020319            4.83487299
           5.50774558            4.84262010
           5.49689365            4.84904344
           5.48568418            4.85593714
           5.47512385            4.86325599
           5.46502739            4.87087837
           5.45760540            4.87661500
           5.44713498            4.88528146
           5.43623119            4.89427048
           5.42428221            4.90361655
           5.41136037            4.91343156
           5.39732799            4.92379191
           5.38639673            4.93236151
           5.37644064            4.94071268
           5.36529585            4.95063492
           5.35268738            4.96245386
           5.33995207            4.97427201
           5.32634673            4.98646225
           5.31185591            4.99916676
           5.29667076            5.01240910
           5.28098486            5.02618665
           5.26498032            5.04048330
           5.24881754            5.05527798
           5.23263008            5.07055187
           5.21652376            5.08628008
           5.20057453            5.10243769
           5.18483820            5.11900105
           5.16935954            5.13594885
           5.15417192            5.15326265
           5.13930127            5.17092615
           5.12476843            5.18892479
           5.11059076            5.20724540
           5.09678310            5.22587593
           5.08336051            5.24480228
           5.07033859            5.26400660
           5.05772576            5.28347741
           5.04552888            5.30320439
           5.03375415            5.32317736
           5.02240722            5.34338606
           5.01149316            5.36382011
           5.00101645            5.38446900
           4.99098098            5.40532208
           4.98139115            5.42636855
           4.97224993            5.44759759
           4.96355981            5.46899821
           4.95532275            5.49055934
           4.94754021            5.51226992
           4.94021321            5.53411882
           4.93334255            5.55609497
           4.92693109            5.57818731
           4.92097811            5.60038471
           4.91550390            5.62259213
           4.91045776            5.64496216
           4.90586415            5.66740907
           4.90172263            5.68991757
           4.89803054            5.71247649
           4.89478467            5.73507500
           4.89198136            5.75770239
           4.88962493            5.78027085
           4.88776011            5.80227324
           4.88625135            5.82408558
           4.88506094            5.84575132
           4.88415693            5.86745573
           4.88354631            5.88916584
           4.88323128            5.91087420
           4.88321289            5.93257444
           4.88349052            5.95426009
           4.88406321            5.97592460
           4.88492947            5.99756141
           4.88608764            6.01916395
           4.88753547            6.04072567
           4.88927024            6.06224005
           4.89128874            6.08370058
           4.89355877            6.10513347
           4.89623477            6.12723959
           4.89918790            6.14913512
           4.90230800            6.17016160
           4.90550801            6.19000722
           4.90882316            6.20971408
           4.91224462            6.22935040
           4.91576808            6.24890402
           4.91938686            6.26835964
           4.92307539            6.28763298
           4.92681567            6.30673026
           4.93059418            6.32566947
           4.93441305            6.34452130
           4.93825468            6.36326823
           4.94211519            6.38193462
           4.94599406            6.40054800
           4.94989293            6.41913560
           4.95381620            6.43772433
           4.95777090            6.45634052
           4.96176656            6.47501005
           4.96581536            6.49375829
           4.96993211            6.51261000
           4.97413443            6.53158915
           4.97844283            6.55071861
           4.98234550            6.56772778
           4.98669536            6.58501757
           4.99086755            6.60111819
           4.99754086            6.61463167
           5.00280730            6.63488951
           5.00812276            6.65583053
           5.01367145            6.67683713
           5.01956252            6.69797966
           5.02576517            6.71909862
           5.03236109            6.74028459
           5.03938129            6.76151983
           5.04684663            6.78277278
           5.05477273            6.80401067
           5.06317053            6.82520040
           5.07204545            6.84630548
           5.08140143            6.86729536
           5.09124124            6.88814348
           5.10158156            6.90886163
           5.11253001            6.92962249
           5.12398346            6.95015449
           5.13588139            6.97035097
           5.14820254            6.99020695
           5.16053617            7.00927119
           5.17226426            7.02877349
           5.18463416            7.04784813
           5.19772213            7.06662239
           5.21151030            7.08510782
           5.22594182            7.10326906
           5.24085629            7.12105485
           5.25617498            7.13840881
           5.27188988            7.15534249
           5.28796588            7.17194853
           5.30438248            7.18821508
           5.32111225            7.20410983
           5.33815096            7.21965509
           5.35546290            7.23483065
           5.37305152            7.24965561
           5.39090944            7.26412923
           5.40899518            7.27836463
           5.42806585            7.28960083
           5.44797243            7.30025720
           5.46756996            7.31095104
           5.48668495            7.32157173
           5.50541401            7.33232167
           5.52392148            7.34310020
           5.54241783            7.35372054
           5.56104487            7.36418936
           5.57978806            7.37440850
           5.59864253            7.38437414
           5.61756892            7.39407028
           5.63664006            7.40354631
           5.65577664            7.41275955
           5.67509684            7.42177976
           5.69462548            7.43060726
           5.71432598            7.43920960
           5.73424346            7.44759441
           5.75434498            7.45571742
           5.77467260            7.46358516
           5.79523483            7.47119222
           5.81599720            7.47851471
           5.83700196            7.48555930
           5.85826830            7.49231471
           5.87979230            7.49875683
           5.90169699            7.50489582
           5.92494028            7.51092893
           5.94725476            7.51608301
           5.96905661            7.52065377
           5.99084692            7.52485389
           6.01275226            7.52872024
           6.03479872            7.53224791
           6.05697944            7.53542155
           6.07927406            7.53822482
           6.10167844            7.54064640
           6.12417958            7.54267437
           6.14676625            7.54429806
           6.16950191            7.54558121
           6.19116038            7.54637081
           6.21385124            7.54682369
           6.23651896            7.54656001
           6.25980589            7.54584839
           6.28349816            7.54465523
           6.30714053            7.54289592
           6.33046377            7.54053319
           6.35359999            7.53766829
           6.37654828            7.53427246
           6.39899011            7.53045266
           6.42121436            7.52603888
           6.44337529            7.52109407
           6.46565266            7.51558419
           6.48776199            7.50957416
           6.50968281            7.50309069
           6.53136202            7.49617254
           6.55287656            7.48881977
           6.57418186            7.48106745
           6.59521201            7.47295974
           6.61601998            7.46450327
           6.63660479            7.45571615
           6.65696478            7.44661834
           6.67709961            7.43722813
           6.69701057            7.42755989
           6.71670075            7.41762857
           6.73624393            7.40741118
           6.75557515            7.39694135
           6.77469802            7.38623009
           6.79368721            7.37524719
           6.81247987            7.36402592
           6.83114471            7.35253391
           6.84968200            7.34076444
           6.86808738            7.32871221
           6.88635504            7.31637238
           6.90447802            7.30374060
           6.92244835            7.29081308
           6.94030146            7.27755402
           6.95797789            7.26398655
           6.96453656            7.25872484
           6.97027305            7.25413262
           6.97530212            7.25011867
           6.97970474            7.24661377
           6.98355214            7.24355738
           6.98690714            7.24089678
           6.98982492            7.23858617
           6.99235369            7.23658590
           6.99453548            7.23486174
           6.99640660            7.23338418
           6.99799829            7.23212800
           6.99933712            7.23107184
           7.00044549            7.23019776
           7.00134196            7.22949095
           7.00204153            7.22893942
           7.00255594            7.22853384
           7.00289380            7.22826734
           7.00306079            7.22813539
           7.00305973            7.22813575
           7.00289062            7.22826836
           7.00255065            7.22853543
           7.00203413            7.22894140
           7.00133242            7.22949306
           7.00043373            7.23019967
           6.99932295            7.23107311
           6.99798131            7.23212813
           6.99638610            7.23338260
           6.99451012            7.23485790
           6.99232123            7.23657930
           6.98978159            7.23857657
           6.98684685            7.24088459
           6.98346504            7.24354421
           6.97957527            7.24660334
           6.97510598            7.25011825
           6.96997270            7.25415536
           6.96407515            7.25879356
           6.95729330            7.26412724
           6.95781297            7.26353352
           6.95832895            7.26294307
           6.95556871            7.25969631
           6.95698465            7.26140294
           6.95896786            7.26426590
           6.95808325            7.26352458
           6.95770415            7.26363404
           6.95744357            7.26377679
           6.95723684            7.26389220
           6.95707199            7.26398392
           6.95694050            7.26405664
           6.95683560            7.26411423
           6.95675190            7.26415974
           6.95668511            7.26419564
           6.95663178            7.26422388
           6.95658919            7.26424602
           6.95655515            7.26426330
           6.95652793            7.26427672
           6.95650615            7.26428707
           6.95648870            7.26429512
           6.95647469            7.26430161
           6.95646344            7.26430686
           6.95645438            7.26431113
           6.95644707            7.26431460
           6.95644117            7.26431741
           6.95643642            7.26431967
           6.95643261            7.26432151
           6.95642953            7.26432300
           6.95642704            7.26432421
           6.95642502            7.26432521
           6.95642338            7.26432604
           6.95642204            7.26432673
           6.95642094            7.26432731
           6.95642003            7.26432780
           6.95641927            7.26432821
           6.95641863            7.26432858
           6.95641810            7.26432889
           6.95641764            7.26432917
           6.95641724            7.26432942
           6.95641689            7.26432965
           6.95641659            7.26432985
           6.95641632            7.26433004
           6.95641607            7.26433022
           6.95641585            7.26433039
           6.95641564            7.26433055
           6.95641545            7.26433070
           6.95641527            7.26433084
           6.95641510            7.26433098
           6.95641494            7.26433112
           6.95641478            7.26433124
           6.95641464            7.26433137
           6.95641450            7.26433149
           6.95641436            7.26433161
           6.95641422            7.26433173
           6.95641409            7.26433184
           6.95641396            7.26433196
           6.95641384            7.26433207
           6.95641371            7.26433218
           6.95641359            7.26433229
           6.95641347            7.26433239
           6.95641336            7.26433250
           6.95641324            7.26433260
           6.95641313            7.26433270
           6.95641301            7.26433280
           6.95641290            7.26433290
           6.95641279            7.26433300
           6.95641269            7.26433309
           6.95641258            7.26433319
           6.95641248            7.26433328
           6.95641238            7.26433337
           6.95641228            7.26433346
           6.95641218            7.26433355
           6.95641208            7.26433364
           6.95641198            7.26433372
           6.95641189            7.26433381
           6.95641179            7.26433389
           6.95641170            7.26433398
           6.95641161            7.26433406
           6.95641152            7.26433414
           6.95641143            7.26433422
           6.95641135            7.26433429
           6.95641126            7.26433437
           6.95641118            7.26433445
           6.95641109            7.26433452
           6.95641101            7.26433460
           6.95641093            7.26433467
           6.95641085            7.26433474
           6.95641077            7.26433481
           6.95641069            7.26433488
           6.95641061            7.26433495
           6.95641054            7.26433501
           6.95641046            7.26433508
           6.95641039            7.26433515
           6.95641032            7.26433521
           6.95641025            7.26433527
           6.95641018            7.26433534
           6.95641011            7.26433540
           6.95641004            7.26433546
           6.95640997            7.26433552
           6.95640990            7.26433558
           6.95640984            7.26433564
           6.95640977            7.26433569
           6.95640971            7.26433575
           6.95640965            7.26433581
           6.95640959            7.26433586
           6.95640953            7.26433592
           6.95640947            7.26433597
           6.95640941            7.26433602
           6.95640935            7.26433608
           6.95640929            7.26433613
           6.95640923            7.26433618
           6.95640918            7.26433623
           6.95640912            7.26433628
           6.95640907            7.26433632
           6.95640901            7.26433637
           6.95640896            7.26433642
           6.95640891            7.26433646
           6.95640886            7.26433651
           6.95640881            7.26433656
           6.95640876            7.26433660
           6.95640871            7.26433664
           6.95640866            7.26433669
           6.95640861            7.26433673
           6.95640856            7.26433677
           6.95640852            7.26433681
           6.95640847            7.26433685
           6.95640843            7.26433689
           6.95640838            7.26433693
           6.95640834            7.26433697
           6.95640829            7.26433701
           6.95640825            7.26433705
           6.95640821            7.26433708
           6.95640817            7.26433712
           6.95640813            7.26433716
           6.95640809            7.26433719
           6.95640805            7.26433723
           6.95640801            7.26433726
           6.95640797            7.26433730
           6.95640793            7.26433733
           6.95640789            7.26433736
           6.95640785            7.26433740
           6.95640782            7.26433743
           6.95640778            7.26433746
           6.95640775            7.26433749
